class                         precision     recall   f1-score    support

BOOK                             0.7500     0.7500     0.7500          4
DRINK                            1.0000     0.5000     0.6667          4
COMPUTER                         1.0000     1.0000     1.0000          5
BEFORE                           0.0000     0.0000     0.0000          4
CHAIR                            0.6667     0.6667     0.6667          3
GO                               1.0000     0.6667     0.8000          3
CLOTHES                          1.0000     0.6667     0.8000          3
WHO                              0.0000     0.0000     0.0000          3
CANDY                            0.5000     0.3333     0.4000          3
COUSIN                           1.0000     0.6667     0.8000          3
DEAF                             0.6667     0.6667     0.6667          3
FINE                             0.6667     0.6667     0.6667          3
HELP                             1.0000     1.0000     1.0000          3
NO                               1.0000     0.3333     0.5000          3
THIN                             0.0000     0.0000     0.0000          3
WALK                             0.3333     0.3333     0.3333          3
YEAR                             0.5000     1.0000     0.6667          3
YES                              0.5000     0.6667     0.5714          3
ALL                              0.0000     0.0000     0.0000          3
BLACK                            0.7500     1.0000     0.8571          3
COOL                             0.2500     0.3333     0.2857          3
FINISH                           1.0000     0.6667     0.8000          3
HOT                              0.6667     0.6667     0.6667          3
LIKE                             1.0000     0.3333     0.5000          3
MANY                             0.7500     1.0000     0.8571          3
MOTHER                           1.0000     1.0000     1.0000          3
NOW                              0.6667     0.6667     0.6667          3
ORANGE                           0.7500     1.0000     0.8571          3
TABLE                            1.0000     0.6667     0.8000          3
THANKSGIVING                     1.0000     0.3333     0.5000          3
WHAT                             0.4000     0.6667     0.5000          3
WOMAN                            0.6667     0.6667     0.6667          3
BED                              0.6667     1.0000     0.8000          2
BLUE                             1.0000     0.5000     0.6667          2
BOWLING                          0.5000     0.5000     0.5000          2
CAN                              1.0000     1.0000     1.0000          2
DOG                              0.4286     1.0000     0.6000          3
FAMILY                           1.0000     0.5000     0.6667          2
FISH                             0.4000     0.6667     0.5000          3
GRADUATE                         0.6667     1.0000     0.8000          2
HAT                              1.0000     0.5000     0.6667          2
HEARING                          1.0000     1.0000     1.0000          2
KISS                             0.6667     0.6667     0.6667          3
LANGUAGE                         0.6667     0.6667     0.6667          3
LATER                            0.5000     0.5000     0.5000          2
MAN                              0.5000     0.5000     0.5000          2
SHIRT                            1.0000     0.6667     0.8000          3
STUDY                            1.0000     1.0000     1.0000          2
TALL                             1.0000     0.6667     0.8000          3
WHITE                            1.0000     1.0000     1.0000          2
WRONG                            0.4000     1.0000     0.5714          2
ACCIDENT                         1.0000     0.3333     0.5000          3
APPLE                            1.0000     1.0000     1.0000          2
BIRD                             0.5000     0.5000     0.5000          2
CHANGE                           1.0000     0.5000     0.6667          2
COLOR                            0.3333     0.5000     0.4000          2
CORN                             1.0000     0.3333     0.5000          3
COW                              0.5000     0.3333     0.4000          3
DANCE                            0.6667     1.0000     0.8000          2
DARK                             0.6667     0.6667     0.6667          3
DOCTOR                           0.0000     0.0000     0.0000          3
EAT                              0.5000     0.5000     0.5000          2
ENJOY                            0.3333     0.5000     0.4000          2
FORGET                           0.0000     0.0000     0.0000          2
GIVE                             1.0000     0.5000     0.6667          2
LAST                             0.0000     0.0000     0.0000          3
MEET                             0.5000     1.0000     0.6667          2
PINK                             0.6667     0.6667     0.6667          3
PIZZA                            0.5000     0.3333     0.4000          3
PLAY                             0.1667     0.5000     0.2500          2
SCHOOL                           0.0000     0.0000     0.0000          2
SECRETARY                        1.0000     0.6667     0.8000          3
SHORT                            0.6667     1.0000     0.8000          2
TIME                             0.5000     1.0000     0.6667          2
WANT                             0.5000     0.5000     0.5000          2
WORK                             1.0000     1.0000     1.0000          2
AFRICA                           0.6667     0.6667     0.6667          3
BASKETBALL                       0.6667     1.0000     0.8000          2
BIRTHDAY                         1.0000     0.3333     0.5000          3
BROWN                            1.0000     1.0000     1.0000          2
BUT                              0.2500     0.3333     0.2857          3
CHEAT                            0.0000     0.0000     0.0000          2
CITY                             0.5000     0.5000     0.5000          2
COOK                             0.5000     0.5000     0.5000          2
DECIDE                           1.0000     1.0000     1.0000          2
FULL                             1.0000     0.5000     0.6667          2
HOW                              1.0000     1.0000     1.0000          3
JACKET                           0.2500     0.5000     0.3333          2
LETTER                           1.0000     0.3333     0.5000          3
MEDICINE                         0.5000     0.5000     0.5000          2
NEED                             1.0000     0.5000     0.6667          2
PAINT                            1.0000     0.5000     0.6667          2
PAPER                            0.3333     0.5000     0.4000          2
PULL                             0.5000     0.5000     0.5000          2
PURPLE                           1.0000     0.5000     0.6667          2
RIGHT                            0.0000     0.0000     0.0000          2
SAME                             0.3333     0.3333     0.3333          3
SON                              0.5000     0.5000     0.5000          2
TELL                             0.6667     1.0000     0.8000          2
THURSDAY                         1.0000     1.0000     1.0000          2
VISIT                            1.0000     1.0000     1.0000          2
WAIT                             1.0000     0.5000     0.6667          2
WATER                            0.6667     1.0000     0.8000          2
WIFE                             0.5000     0.5000     0.5000          2
YELLOW                           0.5000     0.5000     0.5000          2
BACKPACK                         0.0000     0.0000     0.0000          3
BAR                              0.5000     0.6667     0.5714          3
BROTHER                          1.0000     0.5000     0.6667          2
CAT                              0.6667     1.0000     0.8000          2
CHECK                            0.0000     0.0000     0.0000          3
CLASS                            0.6667     1.0000     0.8000          2
CRY                              1.0000     1.0000     1.0000          2
DIFFERENT                        0.0000     0.0000     0.0000          2
DOOR                             1.0000     1.0000     1.0000          2
GREEN                            0.0000     0.0000     0.0000          2
HAIR                             0.5000     0.5000     0.5000          2
HAVE                             1.0000     1.0000     1.0000          2
HEADACHE                         1.0000     0.5000     0.6667          2
INFORM                           1.0000     1.0000     1.0000          3
KNIFE                            0.5000     0.5000     0.5000          2
LAUGH                            1.0000     0.6667     0.8000          3
LEARN                            1.0000     1.0000     1.0000          2
MOVIE                            0.0000     0.0000     0.0000          2
RABBIT                           1.0000     0.3333     0.5000          3
READ                             0.6667     1.0000     0.8000          2
RED                              1.0000     0.5000     0.6667          2
ROOM                             1.0000     0.6667     0.8000          3
RUN                              0.5000     0.5000     0.5000          2
SHOW                             1.0000     1.0000     1.0000          2
SICK                             0.5000     0.5000     0.5000          2
SNOW                             0.5000     0.5000     0.5000          2
TAKE                             0.3333     0.3333     0.3333          3
TEA                              1.0000     1.0000     1.0000          2
TEACHER                          1.0000     1.0000     1.0000          2
WEEK                             0.3333     0.5000     0.4000          2
WHY                              0.5000     0.5000     0.5000          2
WITH                             1.0000     1.0000     1.0000          2
WRITE                            0.5000     0.5000     0.5000          2
YESTERDAY                        0.3333     0.5000     0.4000          2
AGAIN                            0.6667     1.0000     0.8000          2
BAD                              1.0000     1.0000     1.0000          2
BALL                             1.0000     1.0000     1.0000          2
BATHROOM                         0.2500     0.5000     0.3333          2
BLANKET                          0.0000     0.0000     0.0000          2
BUY                              0.5000     0.5000     0.5000          2
CALL                             1.0000     1.0000     1.0000          2
COFFEE                           0.0000     0.0000     0.0000          2
COLD                             0.6667     1.0000     0.8000          2
COLLEGE                          0.3333     0.5000     0.4000          2
COPY                             1.0000     0.5000     0.6667          2
CUTE                             0.5000     0.5000     0.5000          2
DAUGHTER                         0.2500     0.5000     0.3333          2
FAR                              1.0000     0.6667     0.8000          3
FIRST                            1.0000     0.5000     0.6667          2
FRIEND                           0.3333     0.5000     0.4000          2
GOOD                             1.0000     0.5000     0.6667          2
HAPPY                            1.0000     0.5000     0.6667          2
HOME                             1.0000     1.0000     1.0000          2
KNOW                             0.5000     1.0000     0.6667          2
LATE                             0.5000     0.5000     0.5000          2
LEAVE                            0.0000     0.0000     0.0000          2
LIST                             1.0000     0.5000     0.6667          2
LOSE                             0.3333     0.5000     0.4000          2
NAME                             0.0000     0.0000     0.0000          2
OLD                              0.5000     0.5000     0.5000          2
PERSON                           1.0000     0.5000     0.6667          2
POLICE                           0.6667     1.0000     0.8000          2
PROBLEM                          0.6667     1.0000     0.8000          2
REMEMBER                         1.0000     0.5000     0.6667          2
SHARE                            0.4000     1.0000     0.5714          2
SOON                             0.5000     0.6667     0.5714          3
STAY                             0.0000     0.0000     0.0000          2
SUNDAY                           0.6667     1.0000     0.8000          2
TEST                             0.6667     1.0000     0.8000          2
TIRED                            0.6667     1.0000     0.8000          2
TRADE                            0.0000     0.0000     0.0000          2
TRAVEL                           0.3333     0.5000     0.4000          2
WINDOW                           1.0000     0.5000     0.6667          2
YOU                              0.3333     0.5000     0.4000          2
ABOUT                            1.0000     0.5000     0.6667          2
APPROVE                          0.0000     0.0000     0.0000          2
ARRIVE                           0.2500     0.5000     0.3333          2
BALANCE                          0.0000     0.0000     0.0000          2
BANANA                           0.3333     1.0000     0.5000          2
BEARD                            1.0000     1.0000     1.0000          2
BECAUSE                          0.0000     0.0000     0.0000          2
BOY                              1.0000     1.0000     1.0000          2
BUSINESS                         0.6667     1.0000     0.8000          2
CAREFUL                          0.5000     0.5000     0.5000          2
CENTER                           0.3333     0.5000     0.4000          2
CHAT                             0.5000     0.5000     0.5000          2
CHILDREN                         0.2500     0.5000     0.3333          2
CHRISTMAS                        1.0000     0.5000     0.6667          2
CLOCK                            1.0000     0.5000     0.6667          2
CLOSE                            0.3333     0.5000     0.4000          2
CONVINCE                         1.0000     0.5000     0.6667          2
COUNTRY                          0.6667     1.0000     0.8000          2
CRASH                            0.5000     0.5000     0.5000          2
DAY                              0.5000     1.0000     0.6667          2
DISCUSS                          0.6667     1.0000     0.8000          2
DRESS                            0.5000     0.5000     0.5000          2
DRIVE                            1.0000     0.5000     0.6667          2
DROP                             1.0000     1.0000     1.0000          2
EXAMPLE                          1.0000     0.5000     0.6667          2
FAT                              0.0000     0.0000     0.0000          2
FEEL                             1.0000     1.0000     1.0000          2
FOOTBALL                         0.4000     1.0000     0.5714          2
FUTURE                           1.0000     0.5000     0.6667          2
GAME                             0.5000     0.5000     0.5000          2
GIRL                             0.6667     1.0000     0.8000          2
GOVERNMENT                       0.2500     0.5000     0.3333          2
HEAR                             0.5000     0.5000     0.5000          2
HERE                             0.3333     0.5000     0.4000          2
HOPE                             0.5000     0.5000     0.5000          2
HOUSE                            0.0000     0.0000     0.0000          2
HUSBAND                          1.0000     0.5000     0.6667          2
INTEREST                         0.5000     0.5000     0.5000          2
JOIN                             1.0000     0.5000     0.6667          2
LIGHT                            0.3333     0.5000     0.4000          2
LIVE                             1.0000     1.0000     1.0000          2
MAKE                             1.0000     1.0000     1.0000          2
MEAN                             1.0000     0.5000     0.6667          2
MORE                             1.0000     0.5000     0.6667          2
MOST                             1.0000     1.0000     1.0000          2
MUSIC                            0.0000     0.0000     0.0000          2
NEW                              1.0000     1.0000     1.0000          2
NONE                             1.0000     1.0000     1.0000          2
OFFICE                           0.6667     1.0000     0.8000          2
ORDER                            1.0000     0.5000     0.6667          2
PANTS                            0.5000     1.0000     0.6667          2
PARTY                            0.0000     0.0000     0.0000          2
PAST                             0.0000     0.0000     0.0000          2
PENCIL                           0.5000     1.0000     0.6667          2
PLAN                             0.4000     1.0000     0.5714          2
PLEASE                           0.0000     0.0000     0.0000          2
PRACTICE                         0.5000     0.5000     0.5000          2
PRESIDENT                        0.6667     1.0000     0.8000          2
RESTAURANT                       0.3333     0.5000     0.4000          2
RIDE                             1.0000     0.5000     0.6667          2
RUSSIA                           1.0000     0.5000     0.6667          2
SALT                             0.3333     0.5000     0.4000          2
SANDWICH                         0.6667     1.0000     0.8000          2
SIGN                             1.0000     0.5000     0.6667          2
SINCE                            1.0000     1.0000     1.0000          2
SMALL                            0.0000     0.0000     0.0000          2
SOME                             0.0000     0.0000     0.0000          2
SOUTH                            0.0000     0.0000     0.0000          2
STUDENT                          1.0000     0.5000     0.6667          2
TEACH                            1.0000     1.0000     1.0000          2
THEORY                           1.0000     1.0000     1.0000          2
TOMATO                           0.6667     1.0000     0.8000          2
TRAIN                            0.0000     0.0000     0.0000          2
UGLY                             1.0000     0.5000     0.6667          2
WAR                              0.0000     0.0000     0.0000          2
WHERE                            1.0000     1.0000     1.0000          2
YOUR                             0.4000     1.0000     0.5714          2
ALWAYS                           1.0000     1.0000     1.0000          2
ANIMAL                           0.6667     1.0000     0.8000          2
ARGUE                            0.5000     1.0000     0.6667          2
BABY                             0.2500     0.5000     0.3333          2
BACK                             0.0000     0.0000     0.0000          2
BAKE                             1.0000     1.0000     1.0000          2
BATH                             0.3333     0.5000     0.4000          2
BEHIND                           0.3333     0.5000     0.4000          2
BRING                            0.0000     0.0000     0.0000          2
CATCH                            0.6667     1.0000     0.8000          2
CEREAL                           0.0000     0.0000     0.0000          2
CHAMPION                         0.4000     1.0000     0.5714          2
CHEESE                           1.0000     0.5000     0.6667          2
COUGH                            0.6667     1.0000     0.8000          2
CRAZY                            0.0000     0.0000     0.0000          2
DELAY                            0.5000     0.5000     0.5000          2
DELICIOUS                        0.3333     0.5000     0.4000          2
DISAPPEAR                        0.3333     0.5000     0.4000          2
DIVORCE                          1.0000     0.5000     0.6667          2
DRAW                             1.0000     0.5000     0.6667          2
EAST                             1.0000     0.5000     0.6667          2
EASY                             1.0000     1.0000     1.0000          2
EGG                              0.5000     0.5000     0.5000          2
ENVIRONMENT                      1.0000     0.5000     0.6667          2
FATHER                           0.6667     1.0000     0.8000          2
FAULT                            1.0000     1.0000     1.0000          2
FLOWER                           1.0000     1.0000     1.0000          2
FRIENDLY                         0.5000     1.0000     0.6667          2
GLASSES                          1.0000     1.0000     1.0000          2
HALLOWEEN                        1.0000     0.5000     0.6667          2
HARD                             0.0000     0.0000     0.0000          2
HEART                            0.5000     0.5000     0.5000          2
HOUR                             1.0000     0.5000     0.6667          2
HUMBLE                           0.6667     1.0000     0.8000          2
HURRY                            1.0000     1.0000     1.0000          2
IMPROVE                          0.5000     0.5000     0.5000          2
INTERNET                         1.0000     1.0000     1.0000          2
JUMP                             0.5000     0.5000     0.5000          2
KILL                             0.0000     0.0000     0.0000          2
LAW                              0.5000     1.0000     0.6667          2
MATCH                            1.0000     0.5000     0.6667          2
MEAT                             0.6667     1.0000     0.8000          2
MILK                             0.5000     0.5000     0.5000          2
MONEY                            0.5000     0.5000     0.5000          2

accuracy                                               0.6003        668
macro avg                        0.6235     0.6053     0.5828        668
weighted avg                     0.6278     0.6003     0.5823        668
