class                         precision     recall   f1-score    support

BOOK                             0.7500     0.7500     0.7500          4
DRINK                            0.6667     0.5000     0.5714          4
COMPUTER                         1.0000     1.0000     1.0000          5
BEFORE                           0.0000     0.0000     0.0000          4
CHAIR                            1.0000     0.6667     0.8000          3
GO                               1.0000     0.6667     0.8000          3
CLOTHES                          1.0000     0.6667     0.8000          3
WHO                              0.5000     0.3333     0.4000          3
CANDY                            0.3333     0.3333     0.3333          3
COUSIN                           1.0000     0.6667     0.8000          3
DEAF                             0.6667     0.6667     0.6667          3
FINE                             0.5000     0.3333     0.4000          3
HELP                             0.6000     1.0000     0.7500          3
NO                               1.0000     0.6667     0.8000          3
THIN                             0.0000     0.0000     0.0000          3
WALK                             0.2500     0.3333     0.2857          3
YEAR                             0.7500     1.0000     0.8571          3
YES                              0.5000     0.6667     0.5714          3
ALL                              0.6667     0.6667     0.6667          3
BLACK                            1.0000     1.0000     1.0000          3
COOL                             0.2500     0.3333     0.2857          3
FINISH                           0.6667     0.6667     0.6667          3
HOT                              1.0000     0.6667     0.8000          3
LIKE                             1.0000     0.3333     0.5000          3
MANY                             0.7500     1.0000     0.8571          3
MOTHER                           1.0000     0.3333     0.5000          3
NOW                              0.5000     0.6667     0.5714          3
ORANGE                           1.0000     1.0000     1.0000          3
TABLE                            1.0000     1.0000     1.0000          3
THANKSGIVING                     1.0000     0.6667     0.8000          3
WHAT                             1.0000     0.6667     0.8000          3
WOMAN                            0.5000     0.6667     0.5714          3
BED                              0.6667     1.0000     0.8000          2
BLUE                             1.0000     1.0000     1.0000          2
BOWLING                          0.0000     0.0000     0.0000          2
CAN                              1.0000     1.0000     1.0000          2
DOG                              0.2857     0.6667     0.4000          3
FAMILY                           0.6667     1.0000     0.8000          2
FISH                             0.5000     1.0000     0.6667          3
GRADUATE                         0.6667     1.0000     0.8000          2
HAT                              1.0000     0.5000     0.6667          2
HEARING                          1.0000     1.0000     1.0000          2
KISS                             0.6667     0.6667     0.6667          3
LANGUAGE                         0.6667     0.6667     0.6667          3
LATER                            0.5000     0.5000     0.5000          2
MAN                              1.0000     0.5000     0.6667          2
SHIRT                            1.0000     0.6667     0.8000          3
STUDY                            1.0000     1.0000     1.0000          2
TALL                             1.0000     0.6667     0.8000          3
WHITE                            1.0000     0.5000     0.6667          2
WRONG                            1.0000     1.0000     1.0000          2
ACCIDENT                         1.0000     0.6667     0.8000          3
APPLE                            1.0000     1.0000     1.0000          2
BIRD                             1.0000     1.0000     1.0000          2
CHANGE                           0.5000     0.5000     0.5000          2
COLOR                            1.0000     0.5000     0.6667          2
CORN                             1.0000     0.3333     0.5000          3
COW                              1.0000     0.3333     0.5000          3
DANCE                            0.5000     1.0000     0.6667          2
DARK                             0.7500     1.0000     0.8571          3
DOCTOR                           1.0000     0.3333     0.5000          3
EAT                              0.0000     0.0000     0.0000          2
ENJOY                            0.3333     0.5000     0.4000          2
FORGET                           0.0000     0.0000     0.0000          2
GIVE                             0.5000     0.5000     0.5000          2
LAST                             0.6667     0.6667     0.6667          3
MEET                             1.0000     1.0000     1.0000          2
PINK                             0.7500     1.0000     0.8571          3
PIZZA                            1.0000     0.3333     0.5000          3
PLAY                             0.5000     1.0000     0.6667          2
SCHOOL                           0.3333     0.5000     0.4000          2
SECRETARY                        1.0000     0.6667     0.8000          3
SHORT                            1.0000     0.5000     0.6667          2
TIME                             0.6667     1.0000     0.8000          2
WANT                             0.5000     0.5000     0.5000          2
WORK                             1.0000     1.0000     1.0000          2
AFRICA                           1.0000     0.6667     0.8000          3
BASKETBALL                       1.0000     1.0000     1.0000          2
BIRTHDAY                         1.0000     0.3333     0.5000          3
BROWN                            1.0000     1.0000     1.0000          2
BUT                              0.2000     0.3333     0.2500          3
CHEAT                            0.0000     0.0000     0.0000          2
CITY                             1.0000     1.0000     1.0000          2
COOK                             1.0000     0.5000     0.6667          2
DECIDE                           1.0000     1.0000     1.0000          2
FULL                             0.2500     0.5000     0.3333          2
HOW                              0.6000     1.0000     0.7500          3
JACKET                           0.5000     0.5000     0.5000          2
LETTER                           0.4000     0.6667     0.5000          3
MEDICINE                         1.0000     1.0000     1.0000          2
NEED                             1.0000     0.5000     0.6667          2
PAINT                            0.5000     0.5000     0.5000          2
PAPER                            1.0000     0.5000     0.6667          2
PULL                             0.6667     1.0000     0.8000          2
PURPLE                           0.5000     0.5000     0.5000          2
RIGHT                            0.0000     0.0000     0.0000          2
SAME                             0.5000     0.6667     0.5714          3
SON                              1.0000     1.0000     1.0000          2
TELL                             1.0000     1.0000     1.0000          2
THURSDAY                         1.0000     1.0000     1.0000          2
VISIT                            1.0000     1.0000     1.0000          2
WAIT                             0.3333     0.5000     0.4000          2
WATER                            0.6667     1.0000     0.8000          2
WIFE                             0.5000     0.5000     0.5000          2
YELLOW                           0.0000     0.0000     0.0000          2
BACKPACK                         0.0000     0.0000     0.0000          3
BAR                              0.5000     0.6667     0.5714          3
BROTHER                          1.0000     0.5000     0.6667          2
CAT                              0.6667     1.0000     0.8000          2
CHECK                            0.0000     0.0000     0.0000          3
CLASS                            1.0000     1.0000     1.0000          2
CRY                              1.0000     0.5000     0.6667          2
DIFFERENT                        0.0000     0.0000     0.0000          2
DOOR                             0.6667     1.0000     0.8000          2
GREEN                            0.0000     0.0000     0.0000          2
HAIR                             0.5000     0.5000     0.5000          2
HAVE                             1.0000     1.0000     1.0000          2
HEADACHE                         0.6667     1.0000     0.8000          2
INFORM                           1.0000     0.6667     0.8000          3
KNIFE                            0.5000     1.0000     0.6667          2
LAUGH                            0.5000     0.6667     0.5714          3
LEARN                            0.6667     1.0000     0.8000          2
MOVIE                            0.0000     0.0000     0.0000          2
RABBIT                           1.0000     0.3333     0.5000          3
READ                             0.6667     1.0000     0.8000          2
RED                              1.0000     0.5000     0.6667          2
ROOM                             0.5000     0.6667     0.5714          3
RUN                              0.5000     1.0000     0.6667          2
SHOW                             0.6667     1.0000     0.8000          2
SICK                             1.0000     0.5000     0.6667          2
SNOW                             1.0000     1.0000     1.0000          2
TAKE                             0.5000     0.3333     0.4000          3
TEA                              1.0000     1.0000     1.0000          2
TEACHER                          1.0000     1.0000     1.0000          2
WEEK                             1.0000     1.0000     1.0000          2
WHY                              0.5000     0.5000     0.5000          2
WITH                             1.0000     1.0000     1.0000          2
WRITE                            0.6667     1.0000     0.8000          2
YESTERDAY                        0.5000     0.5000     0.5000          2
AGAIN                            0.5000     0.5000     0.5000          2
BAD                              1.0000     0.5000     0.6667          2
BALL                             1.0000     1.0000     1.0000          2
BATHROOM                         0.2857     1.0000     0.4444          2
BLANKET                          0.0000     0.0000     0.0000          2
BUY                              1.0000     0.5000     0.6667          2
CALL                             1.0000     0.5000     0.6667          2
COFFEE                           1.0000     1.0000     1.0000          2
COLD                             0.6667     1.0000     0.8000          2
COLLEGE                          0.3333     0.5000     0.4000          2
COPY                             1.0000     0.5000     0.6667          2
CUTE                             0.0000     0.0000     0.0000          2
DAUGHTER                         0.4000     1.0000     0.5714          2
FAR                              0.0000     0.0000     0.0000          3
FIRST                            0.0000     0.0000     0.0000          2
FRIEND                           0.0000     0.0000     0.0000          2
GOOD                             0.5000     1.0000     0.6667          2
HAPPY                            1.0000     0.5000     0.6667          2
HOME                             0.6667     1.0000     0.8000          2
KNOW                             0.5000     1.0000     0.6667          2
LATE                             0.6667     1.0000     0.8000          2
LEAVE                            0.0000     0.0000     0.0000          2
LIST                             1.0000     0.5000     0.6667          2
LOSE                             1.0000     0.5000     0.6667          2
NAME                             0.5000     0.5000     0.5000          2
OLD                              0.5000     0.5000     0.5000          2
PERSON                           0.5000     0.5000     0.5000          2
POLICE                           1.0000     1.0000     1.0000          2
PROBLEM                          1.0000     1.0000     1.0000          2
REMEMBER                         0.6667     1.0000     0.8000          2
SHARE                            0.5000     1.0000     0.6667          2
SOON                             0.2857     0.6667     0.4000          3
STAY                             0.2500     0.5000     0.3333          2
SUNDAY                           0.6667     1.0000     0.8000          2
TEST                             1.0000     1.0000     1.0000          2
TIRED                            1.0000     0.5000     0.6667          2
TRADE                            0.0000     0.0000     0.0000          2
TRAVEL                           0.6667     1.0000     0.8000          2
WINDOW                           1.0000     1.0000     1.0000          2
YOU                              0.2000     0.5000     0.2857          2
ABOUT                            0.3333     1.0000     0.5000          2
APPROVE                          0.0000     0.0000     0.0000          2
ARRIVE                           1.0000     0.5000     0.6667          2
BALANCE                          0.3333     0.5000     0.4000          2
BANANA                           0.3333     1.0000     0.5000          2
BEARD                            1.0000     1.0000     1.0000          2
BECAUSE                          0.5000     0.5000     0.5000          2
BOY                              1.0000     1.0000     1.0000          2
BUSINESS                         0.6667     1.0000     0.8000          2
CAREFUL                          0.6667     1.0000     0.8000          2
CENTER                           0.2000     0.5000     0.2857          2
CHAT                             0.4000     1.0000     0.5714          2
CHILDREN                         1.0000     0.5000     0.6667          2
CHRISTMAS                        0.5000     0.5000     0.5000          2
CLOCK                            1.0000     0.5000     0.6667          2
CLOSE                            1.0000     0.5000     0.6667          2
CONVINCE                         1.0000     0.5000     0.6667          2
COUNTRY                          1.0000     1.0000     1.0000          2
CRASH                            0.5000     0.5000     0.5000          2
DAY                              0.6667     1.0000     0.8000          2
DISCUSS                          1.0000     1.0000     1.0000          2
DRESS                            1.0000     0.5000     0.6667          2
DRIVE                            1.0000     0.5000     0.6667          2
DROP                             1.0000     1.0000     1.0000          2
EXAMPLE                          1.0000     0.5000     0.6667          2
FAT                              0.0000     0.0000     0.0000          2
FEEL                             1.0000     1.0000     1.0000          2
FOOTBALL                         0.5000     1.0000     0.6667          2
FUTURE                           0.5000     0.5000     0.5000          2
GAME                             1.0000     0.5000     0.6667          2
GIRL                             0.6667     1.0000     0.8000          2
GOVERNMENT                       0.6667     1.0000     0.8000          2
HEAR                             0.5000     0.5000     0.5000          2
HERE                             0.0000     0.0000     0.0000          2
HOPE                             0.5000     1.0000     0.6667          2
HOUSE                            1.0000     0.5000     0.6667          2
HUSBAND                          1.0000     0.5000     0.6667          2
INTEREST                         0.0000     0.0000     0.0000          2
JOIN                             0.5000     0.5000     0.5000          2
LIGHT                            0.2500     0.5000     0.3333          2
LIVE                             1.0000     0.5000     0.6667          2
MAKE                             1.0000     0.5000     0.6667          2
MEAN                             0.0000     0.0000     0.0000          2
MORE                             1.0000     0.5000     0.6667          2
MOST                             1.0000     1.0000     1.0000          2
MUSIC                            0.0000     0.0000     0.0000          2
NEW                              0.6667     1.0000     0.8000          2
NONE                             1.0000     1.0000     1.0000          2
OFFICE                           1.0000     1.0000     1.0000          2
ORDER                            0.3333     0.5000     0.4000          2
PANTS                            0.3333     0.5000     0.4000          2
PARTY                            0.0000     0.0000     0.0000          2
PAST                             0.3333     0.5000     0.4000          2
PENCIL                           0.5000     1.0000     0.6667          2
PLAN                             0.0000     0.0000     0.0000          2
PLEASE                           0.0000     0.0000     0.0000          2
PRACTICE                         0.6667     1.0000     0.8000          2
PRESIDENT                        1.0000     1.0000     1.0000          2
RESTAURANT                       0.5000     0.5000     0.5000          2
RIDE                             0.6667     1.0000     0.8000          2
RUSSIA                           1.0000     0.5000     0.6667          2
SALT                             0.5000     1.0000     0.6667          2
SANDWICH                         0.5000     1.0000     0.6667          2
SIGN                             0.0000     0.0000     0.0000          2
SINCE                            1.0000     1.0000     1.0000          2
SMALL                            0.0000     0.0000     0.0000          2
SOME                             0.0000     0.0000     0.0000          2
SOUTH                            1.0000     0.5000     0.6667          2
STUDENT                          1.0000     1.0000     1.0000          2
TEACH                            1.0000     1.0000     1.0000          2
THEORY                           1.0000     1.0000     1.0000          2
TOMATO                           0.6667     1.0000     0.8000          2
TRAIN                            0.0000     0.0000     0.0000          2
UGLY                             0.0000     0.0000     0.0000          2
WAR                              0.0000     0.0000     0.0000          2
WHERE                            0.5000     0.5000     0.5000          2
YOUR                             0.4000     1.0000     0.5714          2
ALWAYS                           1.0000     1.0000     1.0000          2
ANIMAL                           0.6667     1.0000     0.8000          2
ARGUE                            1.0000     0.5000     0.6667          2
BABY                             0.0000     0.0000     0.0000          2
BACK                             0.5000     0.5000     0.5000          2
BAKE                             1.0000     1.0000     1.0000          2
BATH                             0.5000     1.0000     0.6667          2
BEHIND                           0.2500     0.5000     0.3333          2
BRING                            0.0000     0.0000     0.0000          2
CATCH                            0.6667     1.0000     0.8000          2
CEREAL                           0.0000     0.0000     0.0000          2
CHAMPION                         0.3333     0.5000     0.4000          2
CHEESE                           1.0000     0.5000     0.6667          2
COUGH                            0.4000     1.0000     0.5714          2
CRAZY                            0.0000     0.0000     0.0000          2
DELAY                            0.0000     0.0000     0.0000          2
DELICIOUS                        0.3333     0.5000     0.4000          2
DISAPPEAR                        0.3333     0.5000     0.4000          2
DIVORCE                          1.0000     0.5000     0.6667          2
DRAW                             0.0000     0.0000     0.0000          2
EAST                             1.0000     0.5000     0.6667          2
EASY                             1.0000     1.0000     1.0000          2
EGG                              0.5000     0.5000     0.5000          2
ENVIRONMENT                      0.0000     0.0000     0.0000          2
FATHER                           0.5000     1.0000     0.6667          2
FAULT                            1.0000     1.0000     1.0000          2
FLOWER                           1.0000     1.0000     1.0000          2
FRIENDLY                         1.0000     0.5000     0.6667          2
GLASSES                          0.6667     1.0000     0.8000          2
HALLOWEEN                        1.0000     0.5000     0.6667          2
HARD                             1.0000     0.5000     0.6667          2
HEART                            0.5000     0.5000     0.5000          2
HOUR                             0.6667     1.0000     0.8000          2
HUMBLE                           1.0000     1.0000     1.0000          2
HURRY                            1.0000     1.0000     1.0000          2
IMPROVE                          1.0000     0.5000     0.6667          2
INTERNET                         1.0000     1.0000     1.0000          2
JUMP                             0.5000     0.5000     0.5000          2
KILL                             0.0000     0.0000     0.0000          2
LAW                              1.0000     0.5000     0.6667          2
MATCH                            1.0000     0.5000     0.6667          2
MEAT                             1.0000     1.0000     1.0000          2
MILK                             1.0000     0.5000     0.6667          2
MONEY                            1.0000     0.5000     0.6667          2

accuracy                                               0.6302        668
macro avg                        0.6486     0.6342     0.6075        668
weighted avg                     0.6522     0.6302     0.6071        668
